.Random.seed <-
c(403L, 142L, 1140951679L, -612497692L, -935530034L, -1305737332L, 
2040561827L, 905130298L, -1298257988L, 81329603L, 18008397L, 
2001762980L, -1540548155L, 1908298740L, -842198691L, 251858727L, 
414730436L, -1603081602L, -238821309L, 246353653L, -266277822L, 
-897508960L, 1461458223L, -809455141L, 814646433L, -643665173L, 
-1804271957L, 1734663263L, 1245887881L, -271249166L, 2034764077L, 
2094648711L, -1836707280L, -316992704L, 2105649525L, 1946306655L, 
-511539954L, 823558494L, -325104516L, -586087234L, -996076505L, 
1502581504L, 1075919695L, -585953957L, 1743611743L, -532757023L, 
-1324996483L, 1318503866L, 58426734L, -359209848L, 2139498516L, 
571779358L, -94643748L, 1639172552L, 369553616L, -203141366L, 
-85551425L, 1345735313L, 1974643535L, -223691349L, -1692366082L, 
-2112084106L, 307478290L, -1929182755L, 449963424L, -1910056097L, 
-1585681617L, 974889856L, -155353794L, -188755704L, -1596943872L, 
2100232211L, 2069940023L, -1524600250L, -578465407L, -34466941L, 
1521007626L, 1159195646L, -1466858107L, -1941049707L, -1410553743L, 
1183023439L, -1705201979L, 600650996L, 1113829272L, 1607347011L, 
729653359L, -144254145L, 1193607922L, -1442329602L, -1347083501L, 
-1540249919L, -581860967L, 1137471440L, -476147805L, 1979501670L, 
1053190229L, -144760166L, -178008097L, -1152525219L, 869951915L, 
-1137886483L, -1162759824L, 1066176248L, -1910438085L, -1300313153L, 
460368535L, -1150405111L, -422609961L, 1673734862L, -500948282L, 
-142248099L, -413549761L, -1659995359L, -396735048L, -1399410949L, 
-1612392774L, 463284897L, 912192684L, 488707249L, 26060788L, 
471826582L, 1207941255L, 364371091L, -812969746L, -1231966192L, 
2124980521L, 1069219016L, 1791542745L, 366433245L, -255866606L, 
369579519L, 1677200961L, 1554042950L, 1963950217L, 1661535983L, 
-1379845501L, 1631046268L, 1328236783L, 1717170749L, 1268951L, 
-304109149L, -2003328599L, -458614902L, 1464801799L, -235883068L, 
612552699L, -1810396201L, 273110592L, -1851273582L, 2122108525L, 
981206082L, 690485296L, -934054755L, 688322669L, 383343561L, 
439388894L, -13650290L, -1945257697L, 920329341L, 2129175746L, 
1504231703L, 45282463L, -1549301598L, -683081279L, -174115410L, 
282236074L, 737052075L, -841545380L, 1009336414L, -545284997L, 
-1619772043L, 29012336L, -551068746L, 846227636L, 2068242293L, 
-354466568L, 430749799L, 1761939017L, -1089290525L, -510078515L, 
1364728727L, 1450389625L, -1671614233L, -1667766619L, -2146419879L, 
708582659L, -616145654L, -370828207L, 588487506L, 567251830L, 
1600317915L, 2086866646L, -152875848L, 2132900089L, -810480243L, 
-1987657680L, 209638672L, 1293776593L, 1052825327L, -20890366L, 
1456640147L, -1774647063L, -217975854L, 597779984L, -1169337291L, 
19095337L, -199536370L, 2088490278L, 1678438242L, 203714046L, 
-1058636543L, -59769436L, -1320557152L, 1304605100L, 286132762L, 
-102624566L, -448523273L, 430351310L, -610907196L, 1469466957L, 
-796796792L, 384871579L, -1249633484L, 251640549L, -510883047L, 
1328350302L, 431890187L, -1080226764L, -1774833005L, 839233550L, 
-982961246L, -1847669038L, -1561525812L, 1983289461L, 228405522L, 
-343345654L, -1587709766L, 1476017730L, -1384768323L, 145135804L, 
1035996782L, -426496712L, 1884970538L, 1783829905L, -1935889622L, 
688900115L, -84948422L, -620299975L, 1559486798L, 720184260L, 
-1091062745L, -236688980L, 1250060286L, -1004662957L, -327177001L, 
-1116172238L, 1313890948L, 1665564370L, -1224026931L, -860028240L, 
-1224043165L, -570816242L, 1395329613L, 1817514270L, -1323963502L, 
661583282L, -349045474L, 1685839835L, 1032090141L, 488657463L, 
-1972658975L, -173991161L, -291570916L, -496837081L, -1450483698L, 
-1432717185L, 656923930L, 2034641793L, -2084440283L, -1563242797L, 
1491067031L, -2022495899L, -553208577L, 1704844333L, -1396201563L, 
-500765628L, -1693346606L, -301937709L, -1595503096L, 391414649L, 
-1542496325L, 1656981103L, -387472666L, 611037490L, 1460036563L, 
757727744L, -59686298L, 2002932626L, -1429590135L, -2133237677L, 
1290059719L, -1829081516L, 1145889513L, -1227491289L, -241491231L, 
1577401947L, 1981988501L, -767609902L, 685524923L, 349413488L, 
471857823L, 41876686L, 1390162409L, 1592538069L, -2006752513L, 
1223487337L, -1461779131L, 723925117L, 1539506216L, -1439107730L, 
-75354107L, -1393204340L, -867128909L, -107435342L, -1387853055L, 
1753059860L, 1041710673L, 523308759L, -626098185L, -282178301L, 
762092409L, 553339692L, 438104326L, 1547159931L, 1896381415L, 
1200746946L, 1565482557L, -645481221L, 624784204L, 1000453326L, 
1877937580L, -1710318524L, -1394426762L, -765999701L, -790816216L, 
1180957923L, 147897616L, -416466687L, -1790994880L, 1783276098L, 
1731735100L, -1484993750L, -1965940778L, 2124571462L, -1426777268L, 
780772905L, 334895921L, 1489562938L, -1563999885L, -1151051744L, 
-1758632473L, 319763490L, 1171275034L, -96494880L, 679091032L, 
1289795462L, 123346432L, 1959977104L, -339455158L, -302356115L, 
-1374122641L, 1861064653L, 517490726L, -610535217L, 1915360333L, 
-1579675978L, 1178092950L, 996661045L, 1141849773L, 1000731517L, 
-2093349304L, -1762685114L, -1685517903L, -1255348705L, 1512450846L, 
1777146571L, 339564774L, 982658747L, 1852953939L, 1233539827L, 
73318641L, -1173883212L, 583040071L, 1062812L, 830717386L, -1795727672L, 
-535088413L, 396232402L, 1899440627L, -1466262856L, 1790177180L, 
-1061797883L, -1470381359L, -113418137L, -1835187407L, 1299032465L, 
-1692756918L, 1626519443L, 1502282149L, 274878109L, 502562503L, 
-32770222L, 1656986800L, -49536374L, -696722518L, -1861581835L, 
653812416L, -1998735996L, -547731029L, 1241018986L, 1198358276L, 
-854846467L, 145283545L, 161583920L, 392777937L, 1202667186L, 
1135487332L, -1844952975L, -1111437547L, -1645509652L, 470442461L, 
878254009L, 831996808L, 1721186196L, 1934867669L, -1750725544L, 
746334935L, 592926786L, -943190922L, -2143584688L, 2103625215L, 
-672260343L, 1673900455L, -1156987527L, 1326393380L, -297171203L, 
1218547398L, 183365906L, 1479410716L, -524370452L, -534386631L, 
-608276518L, -1149216214L, -486351970L, 1127142145L, 164045371L, 
-61386484L, -133692038L, 1916898294L, 327672501L, -1221019910L, 
1740781828L, -1231226372L, 182398893L, -183922484L, 1010443464L, 
-860399360L, 410443865L, -1409743971L, -1938015186L, -273489121L, 
-90207650L, 1037630939L, -1439356345L, 898968531L, 588365261L, 
-2142487655L, 2122019041L, 1275268791L, -1654337195L, 1495115031L, 
-1970319227L, -1838364093L, 1991287922L, -921020119L, -1281115533L, 
2066552136L, 1130409000L, 939077349L, 299737947L, 132076369L, 
-830223015L, -1921371054L, 71857923L, 1298644228L, 221068170L, 
1362125466L, 2033055149L, 1620874045L, 1151037505L, 1295330309L, 
73071855L, -1823068573L, 1917913418L, -1902755829L, -1467677649L, 
-329646200L, -2105750910L, -1665592438L, 2075835006L, 1718774553L, 
108611766L, 842762799L, -1888196095L, -1428231137L, -427705016L, 
1575123425L, -522005190L, 228865259L, 1092245549L, -567753481L, 
-1893120899L, 55857253L, 443937432L, 982659734L, -1966842781L, 
1397512663L, -1086941995L, -1761854083L, 782917839L, -713969093L, 
916936988L, -659537581L, -1816770127L, -163609303L, 682595628L, 
-629783459L, -757192359L, -896140955L, 173761468L, -1349871606L, 
1898531388L, 234032674L, -395397357L, -1649010393L, -1132141915L, 
-937008087L, 368629000L, 1453648825L, -1076023202L, -1285564942L, 
-257722660L, -1725060578L, 1988906999L, -212507750L, -1461435282L, 
-355895915L, 1978794209L, -1939111222L, 1873425823L, -286953971L, 
573889404L, -723974398L, -222366335L, 543017164L, 1357711194L, 
-505111075L, -807601258L, 8361881L, -1365866875L, -1006756193L, 
-783779880L, 1609666441L, -1806677973L, 158990388L, -1668748930L, 
-142323209L, 46365131L, -701628960L, -198127833L, -494426687L, 
1342260086L, -1431019638L, -25921713L, 208964743L, -846161147L, 
894310152L, 898362899L, -664848693L, -1363259220L, -20926706L, 
987396542L, 319668616L, -888809091L, 913031141L, 1060688166L, 
-119118656L, 650168091L, 1612953413L, -853145283L, -2137711954L, 
1083043269L, -1381617765L, -2038221680L, -490187799L, 41197810L, 
